[?25l[0m [38;2;0;0;0m                                       [0m
 [38;2;0;0;0m                                       [0m
 [38;2;0;0;0m                                       [0m
 [38;2;0;0;0m                                       [0m
 [38;2;0;0;0m               [0m [38;2;147;138;140m▂[38;2;216;210;216m▂[38;2;230;225;234m▂[38;2;231;226;235m▂[38;2;188;180;185m▂[38;2;119;107;106m▁[0m [38;2;13;15;24m                [0m
 [38;2;0;0;0m           [38;2;40;32;35m▁[38;2;86;74;74m▁[38;2;195;190;195m▂[38;2;179;171;175m▆[38;2;119;107;107;48;2;202;195;201m╴[38;2;234;231;242;48;2;226;221;228m╴[38;2;162;150;148;48;2;215;208;212m┌[38;2;125;110;106;48;2;214;206;207m╸[38;2;236;231;240;48;2;229;223;232m╴[38;2;209;203;209;48;2;226;222;230m╵[38;2;148;136;138;48;2;212;205;213m┐[38;2;230;225;234;48;2;94;84;88m▆[0m[38;2;199;193;200m▄[38;2;155;145;147m▁[0m [38;2;13;15;24m             [0m
 [38;2;0;0;0m      [0m  [38;2;182;207;230m▃[38;2;196;224;248m▃[38;2;196;223;247m▃[38;2;170;193;214m▃[38;2;182;203;222;48;2;85;78;82m▂[38;2;219;216;224;48;2;178;168;172m▉[38;2;155;144;146;48;2;213;204;204m╶[38;2;113;98;95;48;2;200;189;186m╸[38;2;131;118;115;48;2;230;216;207m▘[38;2;254;239;229;48;2;253;238;228m┈[48;2;254;239;229m [38;2;124;110;109;48;2;221;207;198m▝[38;2;102;86;83;48;2;192;181;179m╺[38;2;144;131;133;48;2;221;213;215m╴[38;2;152;139;135;48;2;215;210;217m▂[38;2;235;231;241;48;2;228;227;237m┊[38;2;125;110;109;48;2;175;174;182m┗[38;2;99;90;94;48;2;197;202;214m▝[0m[38;2;184;211;235m▂[38;2;197;224;248m▂[38;2;193;220;244m▂[0m  [38;2;15;17;26m        [0m
 [38;2;0;0;0m   [38;2;107;122;138m▁[38;2;172;197;218m▃[38;2;195;221;245m▄[38;2;157;180;200m▆[7m[38;2;148;169;188m▂[38;2;195;222;246m▄[38;2;196;224;248m▅[38;2;188;215;237m▅[38;2;178;202;224m▅[0m[38;2;109;107;113;48;2;210;218;231m▏[38;2;139;125;120;48;2;200;213;228m▗[38;2;207;224;238;48;2;241;235;231m━[38;2;129;119;117;48;2;213;200;193m╼[38;2;219;205;197;48;2;253;239;229m▏[48;2;254;239;229m  [38;2;143;127;120;48;2;240;226;216m╺[38;2;92;72;68;48;2;219;211;206m╸[38;2;199;222;240;48;2;242;236;231m━[38;2;117;104;101;48;2;199;207;217m╻[38;2;233;231;241;48;2;191;219;242m▄[38;2;210;222;237;48;2;109;113;122m▉[38;2;146;133;129;48;2;182;197;213m▖[0m[7m[38;2;165;181;197m▗[38;2;193;219;243m▃[38;2;183;209;231m▂[0m[38;2;164;187;207m▆[38;2;185;211;234m▅[38;2;193;221;245m▃[38;2;164;188;209m▂[0m [38;2;13;15;24m     [0m
 [38;2;0;0;0m  [7m[38;2;106;121;135m▉[0m[38;2;141;163;181;48;2;179;204;226m╲[0m[7m[38;2;179;203;225m▄[38;2;118;134;150m▆[0m[38;2;14;17;26m   [38;2;173;160;155m▂[38;2;215;202;194m▅[38;2;161;149;142;48;2;217;203;195m╸[38;2;145;132;128;48;2;199;192;198m▖[38;2;104;88;85;48;2;195;187;192m▗[38;2;207;196;190;48;2;250;236;227m▏[38;2;171;140;133;48;2;232;200;191m▖[38;2;177;122;116;48;2;233;188;180m╍[38;2;196;147;141;48;2;214;155;148m╵[38;2;228;154;148;48;2;165;128;122m▆[38;2;149;126;119;48;2;216;168;161m╺[38;2;179;145;140;48;2;247;232;223m▂[38;2;188;177;173;48;2;240;227;218m┌[38;2;119;106;106;48;2;195;186;187m┎[38;2;181;172;175;48;2;233;229;238m▁[38;2;210;202;209;48;2;133;118;116m▋[38;2;173;160;153;48;2;227;213;205m╺[38;2;225;211;202;48;2;84;76;76m▆[0m[38;2;199;186;179m▄[0m [38;2;13;15;24m [7m[38;2;148;169;187m▇[38;2;185;210;233m▅[38;2;187;214;236m▂[0m[38;2;194;222;246;48;2;126;144;161m▇[0m[38;2;152;173;193m▅    [0m
 [38;2;0;0;0m  [7m[38;2;148;169;189m▅[0m [38;2;18;20;30m     [7m[38;2;108;97;94m▇[38;2;181;169;162m▇[38;2;89;75;72m▇[0m [38;2;57;51;54;48;2;155;137;139m▎[38;2;131;98;98;48;2;201;191;194m▌[0m[7m[38;2;170;119;114m▄[0m[38;2;81;60;51;48;2;169;120;111m┬[38;2;49;35;36;48;2;194;133;126m▂[38;2;140;105;86;48;2;228;154;148m▄[38;2;102;81;62;48;2;203;147;130m▁[0m[7m[38;2;159;117;103m▁[38;2;184;168;156m▂[38;2;131;116;98m╺[0m[38;2;63;54;56;48;2;144;121;122m▎[38;2;144;108;111;48;2;221;216;222m▌[0m[7m[38;2;100;91;92m▗[38;2;203;189;181m▆[38;2;243;230;220m▆[38;2;95;89;89m▇[0m[38;2;20;21;29m    [7m[38;2;133;151;169m▆[38;2;165;188;209m▃[0m[38;2;134;153;171m▖   [0m
 [38;2;0;0;0m            [7m[38;2;53;39;38m▉[0m[38;2;89;72;70;48;2;218;212;219m▏[38;2;167;157;159;48;2;83;70;63m▋[0m[38;2;116;98;79m▂[38;2;69;64;76m▅[7m[38;2;104;93;87m▘[0m[38;2;51;39;39;48;2;97;84;76m╺[38;2;124;110;94;48;2;65;57;60m▉[0m[38;2;59;51;57m▖ [7m[38;2;112;93;71m▇[0m[38;2;229;223;232;48;2;155;139;141m▇[0m[38;2;151;137;136m▋[0m [38;2;13;15;24m             [0m
 [38;2;0;0;0m          [38;2;92;86;89m▁[38;2;149;138;138m▄[38;2;165;152;145m▄[38;2;124;103;84;48;2;204;194;193m╺[0m[7m[38;2;105;88;68m▝[38;2;97;76;64m▏[0m[38;2;126;101;81;48;2;88;72;69m▃[38;2;101;77;63;48;2;71;62;68m▅[38;2;117;93;75;48;2;75;66;72m▅[38;2;110;85;69;48;2;72;69;82m▅[38;2;73;55;52;48;2;78;71;79m┒[0m[38;2;128;108;84m▇[38;2;105;86;70;48;2;194;186;189m▊[38;2;81;65;62;48;2;192;181;179m╱[0m[7m[38;2;125;109;100m▝[0m [38;2;13;15;24m             [0m
 [38;2;0;0;0m          [7m[38;2;141;133;136m▅[38;2;175;162;162m▆[38;2;192;180;172m▅[38;2;210;198;191m▆[38;2;72;55;47m▄[38;2;90;70;59m▂[38;2;94;73;61m▂[38;2;91;70;59m▂[38;2;101;79;65m▁[38;2;109;86;70m▂[38;2;104;83;65m▅[38;2;130;111;84m▇[38;2;160;146;140m▄[38;2;191;178;170m▃[38;2;239;225;216m▃[0m[38;2;171;163;166;48;2;88;79;81m┸[0m[38;2;94;86;87m╴            [0m
 [38;2;0;0;0m                                       [0m
 [38;2;0;0;0m                                       [0m
 [38;2;0;0;0m                                       [0m
[?25h