[?25l[0m [38;2;0;0;0m                                       [0m
 [38;2;0;0;0m                                       [0m
 [38;2;0;0;0m                        [38;2;83;75;75m▂[38;2;86;78;78m▂             [0m
 [38;2;0;0;0m             [0m [38;2;87;72;71m▁[38;2;112;99;97m▂[38;2;164;154;157m▂[38;2;208;202;208m▂[38;2;163;153;155m▃[38;2;143;132;132m▃[38;2;155;146;149m▇[38;2;213;210;223;48;2;74;62;61m▆[38;2;178;169;174;48;2;71;66;68m▆[38;2;202;185;175;48;2;67;60;61m▅[38;2;246;229;218;48;2;154;137;129m▇[38;2;240;224;213;48;2;84;69;63m▌[0m [38;2;71;71;78m            [0m
 [38;2;0;0;0m          [0m [38;2;173;163;165m▂[38;2;215;212;222;48;2;66;61;64m▄[38;2;216;214;227;48;2;89;77;76m▆[38;2;218;214;225;48;2;130;117;117m▇[38;2;144;133;135;48;2;231;226;235m▁[48;2;235;230;240m  [38;2;234;230;241;48;2;231;227;236m┊[38;2;136;122;122;48;2;210;204;212m╺[38;2;84;66;63;48;2;193;187;196m╴[38;2;197;186;189;48;2;115;100;98m▚[38;2;166;150;142;48;2;233;209;197m▘[38;2;225;197;186;48;2;247;227;215m┛[38;2;252;235;223;48;2;243;226;215m┈[38;2;230;226;233;48;2;130;113;109m▗[0m[38;2;197;189;195m▄[38;2;81;72;73m▖           [0m
 [38;2;0;0;0m        [0m [38;2;167;156;160m▗[38;2;228;223;232;48;2;130;118;119m▅[48;2;235;230;240m [38;2;235;230;241;48;2;231;226;236m┊[38;2;80;63;61;48;2;230;226;235m▁[38;2;96;75;70;48;2;219;216;227m▁[38;2;149;130;125;48;2;186;173;176m┌[38;2;105;85;82;48;2;199;181;179m╾[38;2;176;166;171;48;2;229;224;233m▁[38;2;236;231;241;48;2;235;230;240m▁ [38;2;235;230;240;48;2;235;230;239m┈[38;2;124;109;107;48;2;201;191;194m┗[38;2;149;132;121;48;2;234;212;200m▃[38;2;137;119;104;48;2;228;211;190m▗[38;2;204;196;203;48;2;113;99;101m▚[38;2;235;231;241;48;2;224;221;233m┊[38;2;235;230;240;48;2;236;230;241m▇[38;2;125;112;112;48;2;230;225;234m▝[0m[38;2;112;97;94m▖          [0m
 [38;2;0;0;0m        [7m[38;2;150;139;142m▊[0m[38;2;139;125;124;48;2;218;212;220m▗[38;2;131;112;106;48;2;237;224;223m━[38;2;164;146;138;48;2;226;213;210m╸[38;2;130;116;116;48;2;223;208;199m▝[38;2;188;173;164;48;2;224;211;205m╸[38;2;143;127;120;48;2;224;208;198m▁[38;2;82;63;56;48;2;239;222;211m▂[38;2;253;233;221;48;2;237;216;205m┊[38;2;131;109;103;48;2;216;199;195m▚[38;2;192;188;199;48;2;224;222;237m▁[38;2;233;231;242;48;2;235;230;240m▏[38;2;235;230;240;48;2;233;228;238m┈[38;2;215;208;213;48;2;137;117;113m▝[38;2;185;171;171;48;2;119;100;97m┞[38;2;227;224;235;48;2;122;107;103m▗[38;2;202;203;228;48;2;207;208;229m╴[38;2;160;149;152;48;2;234;230;240m▁[38;2;83;63;61;48;2;235;230;240m▁[38;2;109;94;92;48;2;226;220;229m▂[0m[38;2;92;83;84m▋[0m [38;2;17;19;28m         [0m
 [38;2;0;0;0m        [38;2;81;68;66;48;2;227;221;229m▋[38;2;95;78;76;48;2;194;182;183m╽[48;2;252;235;223m    [38;2;251;234;223;48;2;145;128;120m▆[38;2;252;231;220;48;2;177;158;150m▇[38;2;253;227;215;48;2;254;224;213m▎[38;2;130;112;107;48;2;227;200;191m╺[38;2;68;47;43;48;2;183;171;175m┃[38;2;139;125;126;48;2;223;218;227m▂[38;2;185;176;180;48;2;132;116;115m▌[38;2;133;121;116;48;2;213;176;165m▆[38;2;163;165;152;48;2;124;110;107m▃[38;2;163;165;151;48;2;140;129;129m▅[38;2;164;166;152;48;2;95;82;78m▆[38;2;163;164;151;48;2;69;50;45m▇[38;2;164;166;152;48;2;99;87;81m▇[48;2;90;77;71m▇[38;2;162;163;149;48;2;68;47;42m▇[48;2;88;75;72m▆[0m[38;2;142;139;128m▆[38;2;126;120;111m▄[38;2;69;61;61m▖      [0m
 [38;2;0;0;0m      [0m [38;2;146;141;154m▃[38;2;199;201;225;48;2;131;123;131m╴[38;2;195;189;199;48;2;114;99;98m▌[38;2;91;71;66;48;2;194;180;175m╽[38;2;159;142;134;48;2;242;225;214m▁[38;2;193;176;166;48;2;249;232;220m▁[48;2;252;235;223m [38;2;205;182;173;48;2;249;232;220m▁[38;2;206;157;149;48;2;230;200;191m╷[38;2;253;233;221;48;2;239;218;207m┊[38;2;252;234;223;48;2;254;228;217m▅[38;2;122;106;97;48;2;226;207;196m▗[38;2;156;156;143;48;2;118;102;97m▃[38;2;163;165;151;48;2;116;107;98m▆[48;2;164;166;152m          [38;2;164;166;152;48;2;164;166;153m▇[38;2;88;74;71;48;2;159;159;146m▝[0m[38;2;119;112;104m▄[38;2;59;51;53m▂    [0m
 [38;2;0;0;0m   [38;2;83;72;72m▁[38;2;156;146;150m▃[38;2;172;169;186m▅[38;2;172;171;191;48;2;90;81;84m▇[38;2;174;168;178;48;2;188;187;206m╷[38;2;189;177;179;48;2;194;189;204m╷[38;2;71;52;49;48;2;171;167;184m▍[38;2;127;115;119;48;2;169;162;171m┺[38;2;231;210;201;48;2;97;78;74m▚[38;2;169;146;137;48;2;246;224;213m▏[38;2;254;229;218;48;2;252;234;222m▂[38;2;145;128;119;48;2;239;217;208m╵[38;2;193;157;149;48;2;237;215;206m╹[38;2;252;235;223;48;2;248;231;219m┈[38;2;101;84;77;48;2;197;182;172m┏[38;2;110;98;89;48;2;163;164;151m▘[48;2;164;166;152m     [38;2;116;121;116;48;2;162;164;150m▁[38;2;134;137;130;48;2;163;165;151m▃[38;2;114;120;117;48;2;158;160;148m─[38;2;122;127;122;48;2;160;162;149m━[38;2;162;165;151;48;2;128;133;127m▄[38;2;163;166;152;48;2;122;128;123m▄[38;2;162;164;151;48;2;132;137;130m▄[38;2;161;164;151;48;2;163;165;151m╴[48;2;164;166;152m  [38;2;148;149;138;48;2;95;87;83m▍[0m[7m[38;2;73;65;64m▝[0m[38;2;21;23;32m   [0m
 [38;2;0;0;0m [38;2;85;72;71m▗[38;2;107;98;100m▇[38;2;79;67;67;48;2;156;146;148m▅[38;2;235;231;240;48;2;209;205;217m┊[38;2;137;128;137;48;2;211;213;233m▝[38;2;110;98;102;48;2;208;200;207m╾[38;2;116;100;94;48;2;220;209;214m─[38;2;109;93;90;48;2;198;182;178m┎[38;2;135;120;120;48;2;208;206;219m▘[38;2;199;201;228;48;2;201;203;229m┊[38;2;118;98;98;48;2;181;180;202m▝[38;2;127;109;112;48;2;233;197;186m▄[38;2;100;82;81;48;2;245;210;199m▂[38;2;95;77;72;48;2;247;221;211m▂[38;2;101;82;78;48;2;241;222;214m▃[38;2;162;154;142;48;2;112;106;99m▚[38;2;164;166;152;48;2;163;164;151m╴[48;2;164;166;152m  [38;2;135;139;132;48;2;162;164;151m▁[38;2;117;123;119m▄[38;2;123;128;123;48;2;158;161;149m▆[38;2;162;164;150;48;2;124;130;124m▄[38;2;162;164;151;48;2;126;132;126m▇[38;2;158;162;150;48;2;164;166;152m▁[38;2;145;148;138m▁[38;2;140;143;134m▁[38;2;152;156;145m▁     [38;2;164;166;152;48;2;161;162;148m┈[48;2;98;84;76m▖[0m[38;2;79;68;68m▎  [0m
 [38;2;0;0;0m [7m[38;2;72;64;65m▖[0m[38;2;88;75;74m▊[38;2;110;94;92m▝[38;2;141;128;130;48;2;230;226;235m▖[38;2;235;231;240;48;2;233;229;239m┊[38;2;201;203;228;48;2;229;226;238m▝[38;2;153;148;162;48;2;208;210;231m▝[38;2;149;139;144;48;2;191;190;209m▘[38;2;82;64;61;48;2;172;167;180m┖[38;2;135;123;125;48;2;211;209;224m▁[38;2;203;202;221;48;2;110;95;99m▍[38;2;164;161;177;48;2;126;85;90m▁[38;2;167;163;181;48;2;116;103;104m▌[38;2;139;127;125;48;2;211;206;215m▘[38;2;224;220;232;48;2;92;82;79m▎[38;2;146;149;140;48;2;110;117;115m▝[38;2;116;122;118;48;2;163;166;152m▄[38;2;94;88;83;48;2;160;162;149m▃[38;2;83;71;66;48;2;144;142;131m╼[38;2;97;86;80;48;2;136;137;127m┙[38;2;163;164;151;48;2;92;84;79m▅[38;2;160;161;148;48;2;102;90;82m▆[38;2;163;164;151;48;2;107;95;86m▆[38;2;164;166;152;48;2;123;127;122m▆[48;2;114;120;115m▆[38;2;163;165;151;48;2;110;116;115m▆[38;2;164;166;152;48;2;118;124;121m▅[38;2;161;163;150;48;2;110;116;115m▅[38;2;159;162;149;48;2;117;123;119m▄[38;2;111;116;114;48;2;150;153;142m━[38;2;151;154;143;48;2;163;165;152m╴[48;2;164;166;152m   [38;2;164;167;152;48;2;161;162;148m┊[0m[38;2;79;61;56m▌  [0m
 [38;2;0;0;0m  [7m[38;2;59;54;56m▇[0m [7m[38;2;64;56;59m▆[38;2;179;171;175m▅[38;2;183;177;182m▁[0m[38;2;168;162;162;48;2;204;199;204m╻[38;2;126;116;114;48;2;231;227;237m▂[38;2;140;131;131;48;2;225;223;237m▂[38;2;202;198;207;48;2;120;110;116m▇[38;2;203;197;206;48;2;141;130;134m╋[38;2;230;229;240;48;2;204;202;219m╴[38;2;107;93;97;48;2;209;207;220m▍[38;2;203;207;229;48;2;213;213;232m┈[38;2;199;203;229;48;2;118;108;114m╴[0m[7m[38;2;98;97;95m▃[0m[38;2;74;61;58;48;2;98;97;94m▄[38;2;100;87;78;48;2;161;161;148m▘[48;2;164;166;152m    [38;2;138;141;134m▁[38;2;115;118;114m▁[38;2;131;135;128m▁[38;2;165;166;153;48;2;161;163;150m┈[38;2;114;120;118;48;2;147;150;140m━[38;2;120;125;121;48;2;163;165;151m▄[38;2;145;149;139m▁[48;2;164;166;152m    [38;2;139;143;134;48;2;163;165;152m▗[38;2;127;127;120;48;2;84;71;66m▋[0m[38;2;76;65;65m▘  [0m
 [38;2;0;0;0m       [0m [7m[38;2;196;196;196m▇[38;2;194;194;193m▆[38;2;131;121;122m▅[38;2;134;123;128m▄[38;2;122;109;109m▄[38;2;133;127;137m▄[0m[38;2;72;61;60;48;2;157;149;155m▖[0m[7m[38;2;127;119;126m▁[0m [7m[38;2;67;56;55m▍[0m[38;2;92;78;71;48;2;157;158;146m▖[48;2;164;166;152m    [38;2;164;166;152;48;2;119;124;120m▆[38;2;163;165;151;48;2;110;116;114m▆[38;2;161;164;150;48;2;110;116;115m▆[38;2;161;163;149;48;2;111;119;114m▆[38;2;164;166;152;48;2;135;139;132m▅[38;2;158;161;148;48;2;111;118;116m▅[38;2;145;149;139;48;2;116;122;119m▖[38;2;110;116;114;48;2;158;161;149m▆[38;2;109;116;114;48;2;158;161;148m▅[38;2;109;115;113;48;2;160;163;150m▅[38;2;105;103;100;48;2;154;158;146m▆[38;2;192;192;191;48;2;110;106;103m▂[0m[38;2;142;135;133m▎   [0m
 [38;2;0;0;0m             [0m [7m[38;2;74;62;62m▆[0m [38;2;17;19;28m  [38;2;82;70;67m▝[38;2;83;68;63;48;2;127;126;122m╾[38;2;93;87;83;48;2;149;152;141m▃[38;2;112;118;115;48;2;160;162;149m▂[38;2;130;135;128;48;2;163;166;152m▁[48;2;164;166;152m [38;2;164;167;152m▁    [38;2;155;158;146;48;2;116;122;119m▋[38;2;107;112;110;48;2;79;67;62m▊[0m[7m[38;2;137;132;130m▂[38;2;152;146;144m▃[38;2;180;178;179m▄[38;2;159;159;161m▆[0m[38;2;25;26;35m    [0m
 [38;2;0;0;0m                   [0m [7m[38;2;147;143;142m▅[0m[38;2;152;149;148m┻[7m[38;2;125;123;122m▁[0m[38;2;178;177;177;48;2;110;109;105m▂[38;2;183;180;178;48;2;115;115;110m▁[38;2;86;72;68;48;2;129;133;127m▂[38;2;67;49;43m▁[38;2;79;66;62;48;2;131;136;130m▁[38;2;73;57;53;48;2;122;127;123m▁[38;2;83;70;66;48;2;109;116;114m▂[0m[7m[38;2;92;88;85m▂[0m[38;2;63;57;60m▘       [0m
 [38;2;0;0;0m                       [0m [7m[38;2;181;181;182m▇[38;2;187;186;185m▆[38;2;160;158;158m▅[38;2;158;153;151m▅[38;2;164;158;157m▅[38;2;155;154;155m▅[0m [38;2;17;19;28m        [0m
 [38;2;0;0;0m                                       [0m
[?25h